CONFIG: Simulation Run 1    [   977 atoms 2.5000g/cm3 ]
         0         1       977     0.000000000    
       23.8411540985        0.0000000000        0.0000000000
        0.0000000000       23.8411540985        0.0000000000
        0.0000000000        0.0000000000       23.8411540985
Al3+             1
     7.062942505         8.308642387         19.27557373    
Al3+             2
     8.541093826         17.78550148         3.170873642    
Al3+             3
     11.43779469         17.36828041         8.380166054    
Al3+             4
     3.540411711         19.11464691         19.70471573    
Al3+             5
     14.37621689         20.33054543         17.41000366    
Al3+             6
     9.923880577         23.22724533         2.032458544    
Al3+             7
     20.49743271         20.32458496         3.051667929    
Al3+             8
     21.08750153         19.62126923         7.796057701    
Al3+             9
     16.80205536         11.53911877         17.26695633    
Al3+            10
    0.9178845286         8.779505730         2.771534443    
Al3+            11
     16.43251610         4.547700405         15.87224865    
Al3+            12
     10.59143353         5.191411495         15.54443264    
Al3+            13
     21.52856445        0.8582816124         2.944382668    
Al3+            14
     22.96499252         7.146386147         23.01267624    
Al3+            15
     12.04574394         2.574844599         1.674841166    
Al3+            16
     23.73983002         17.61861420         20.03849220    
Al3+            17
     12.42720222        0.4172202051         3.915909529    
Al3+            18
     14.81131744         2.592725754         9.333812714    
Al3+            19
     22.64313698         2.044378996         10.87752724    
Al3+            20
     23.04247665         19.71067429         23.05439758    
Al3+            21
     9.816596031         2.825176954        0.4589422643    
Al3+            22
     7.366917133         15.22257805         21.36167526    
Al3+            23
     22.13055229         4.577501774         16.46231651    
Al3+            24
     6.884133816         12.18879032         18.02987289    
Al3+            25
     1.490072131         1.096693158         22.69081879    
Al3+            26
     6.389429569         17.77954102         15.79476547    
Al3+            27
     5.483465672         7.915263653         16.38483429    
O2-             28
     23.62062454         11.75368977         4.738429546    
O2-             29
     6.830490589         16.11066055         12.37355995    
O2-             30
     8.958313942         2.169545174         10.42454529    
O2-             31
    0.3576173186        0.1430469304         7.831819057    
O2-             32
     18.42921448         7.682812214         8.856988907    
O2-             33
     22.02326775         10.64507580         23.34645271    
O2-             34
     8.523213387         14.42389870         4.041075706    
O2-             35
     16.08681870         14.92456341         22.75042152    
O2-             36
     14.91264248         4.547700405         23.04843712    
O2-             37
     9.429176331         20.09809494         18.16695976    
O2-             38
    0.1609277874         19.86564255         1.549675107    
O2-             39
     22.69081879         4.315248966         20.05041122    
O2-             40
     1.293382645         4.196043491         6.341747284    
O2-             41
     7.688772678         21.38551521         5.745718479    
O2-             42
     5.787440777         21.37955666         8.368245125    
O2-             43
     21.08154106         12.57024956         5.459624767    
O2-             44
     20.92657471         17.55305099         17.79742241    
O2-             45
     23.31665039         13.38084888         8.684140205    
O2-             46
     5.984129906         9.113281250         5.459624767    
O2-             47
     8.743743896         20.02656937         13.62521935    
O2-             48
     9.506660461         3.564252853         12.43912315    
O2-             49
     17.49940681         1.579476595         21.55240440    
O2-             50
     6.067573547         7.784137726         23.07823753    
O2-             51
     7.068902969         17.57689095         6.371548653    
O2-             52
     6.413270950         10.18017292         14.87092018    
O2-             53
     13.17819881         21.12922287         13.27952385    
O2-             54
     16.84377670         11.59276104         18.29212761    
O2-             55
     15.00800705         4.261606693         6.705324650    
O2-             56
     2.044378996         2.962263346         16.22390556    
O2-             57
     12.69541550         9.220566750         6.002011299    
O2-             58
     19.08484459         13.70270348         23.59678268    
O2-             59
     21.88618088         23.56102180         12.58216953    
O2-             60
     12.58216953         2.008617401         2.866899014    
O2-             61
     4.780151844         6.109296322         13.40468979    
O2-             62
    0.3099350035         10.98481178         22.15439415    
O2-             63
     7.021220207         17.28483772         15.01992798    
O2-             64
     19.38882065         5.703996181         23.42393494    
O2-             65
     22.07691002         18.57822037         23.07227898    
O2-             66
     14.97820473         12.27223396         14.47754192    
O2-             67
     5.936447620         23.22724533         10.48414803    
O2-             68
     6.520556450        0.6794729233         19.83584023    
O2-             69
     11.28878689         15.15105343         7.241750717    
O2-             70
     21.28419113         6.419230938         12.02190304    
O2-             71
     6.651682377         7.670891762         10.82388496    
O2-             72
     8.153675079         12.58216953         6.693404198    
O2-             73
     19.94312668         8.856988907         7.384798050    
O2-             74
     22.60141563         14.48946285         5.042404175    
O2-             75
     23.28684998         17.47556686         12.15302849    
O2-             76
     7.027180195         15.80072498         9.810634613    
O2-             77
     21.82061768         23.59082222         8.588776588    
O2-             78
     20.06233215         2.372195005         10.34706116    
O2-             79
     4.219884396         5.703996181         1.859610081    
O2-             80
     14.66827106         6.705324650         9.917920113    
O2-             81
     9.911960602         15.44310760         18.53053856    
O2-             82
     15.57423496         21.24246979         8.976194382    
O2-             83
     7.933144569         4.702667713         7.134465694    
O2-             84
     22.95307159         9.411295891         7.015259743    
O2-             85
     12.95766735         16.94510078         13.17223740    
O2-             86
     23.45969582         16.25370789         23.02459526    
O2-             87
     7.897382736         11.30666733         22.84578705    
O2-             88
     19.96696663         9.405335426         15.65767860    
O2-             89
     21.09346199         6.401350021         18.10139656    
O2-             90
     13.39872932         9.673548698         15.60403538    
O2-             91
     15.08549118         19.30537415         20.78948784    
O2-             92
     11.74772930         3.105310440        0.2860938609    
O2-             93
     19.81795883         20.76564598         15.95569229    
O2-             94
     1.376826644         6.151018143         19.26365280    
O2-             95
     18.19676208         5.674194813         20.15769768    
O2-             96
     4.654985428         12.15302849         18.24444389    
O2-             97
     10.74044037         17.69609642         12.69541550    
O2-             98
     21.08154106         19.37093925         2.694050550    
O2-             99
     9.989444733         1.579476595         14.11992455    
O2-            100
     11.67024517         7.253671169         23.22724533    
O2-            101
     20.36034584         9.077520370         10.61527443    
O2-            102
     19.24577141         19.14444733         5.751678467    
O2-            103
     13.48217297         11.65832520         12.25435352    
O2-            104
     21.49876213         5.215252876         3.063588381    
O2-            105
     17.60669327         13.33912659         16.62920570    
O2-            106
     16.99874496         18.17292213         22.72062111    
O2-            107
     19.50206375         18.42325211         9.119241714    
O2-            108
     10.02520561         8.582816124        0.2622527182    
O2-            109
     8.380166054         21.10538292         2.789415121    
O2-            110
     10.63315487         22.14247322         21.81465721    
O2-            111
     4.440415382         7.301353455         5.513267517    
O2-            112
     6.592079639         13.82787037         23.82923508    
O2-            113
     11.25898552         12.18283081         14.06628132    
O2-            114
     4.714588165         10.13249111         7.277512550    
O2-            115
     23.77559090         9.876198769         10.42454529    
O2-            116
     8.195397377         16.61728477         2.831137180    
O2-            117
     12.98746967         23.10207939         6.663602829    
O2-            118
     11.99210072         19.37093925         11.88481617    
O2-            119
     4.458295822         17.05238533         2.020537853    
O2-            120
     3.254317522         13.72654533         15.30006123    
O2-            121
     6.705324650         13.89343262         19.88948441    
O2-            122
     21.70141220         9.584144592         13.23780155    
O2-            123
     1.877490997         13.05303192         10.76428223    
O2-            124
     18.71530724         19.71067429         18.48285484    
O2-            125
     4.625184059         14.96032524         22.26763916    
O2-            126
     1.412588477         13.38680840         4.452335835    
O2-            127
     12.00402260         15.41330719         21.64180946    
O2-            128
     5.650353909         3.403325081         21.31399345    
O2-            129
     8.028509140         18.11331749         23.68618774    
O2-            130
     19.07888412         23.43585587         13.16031837    
O2-            131
    0.4470216632         1.531794190         23.16168213    
O2-            132
     17.49940681         15.91397095         11.31858826    
O2-            133
     1.853649855         21.58220673         18.55437851    
O2-            134
     22.52989197         19.21597099         18.55437851    
O2-            135
     22.60737610         5.125848293         22.13651276    
O2-            136
     20.90273285         2.622527122         4.404653549    
O2-            137
     16.58152390         1.490072131         7.736454964    
O2-            138
     19.88948441         22.13651276         4.345050335    
O2-            139
     16.43251610         4.577501774         2.139743805    
O2-            140
     10.07288837         20.11597443         15.65171909    
O2-            141
     1.281462073         13.57753754         19.07292366    
O2-            142
     8.690100670         15.30006123         7.247711182    
O2-            143
     10.82984447         13.35104656         3.707299709    
O2-            144
     14.78747654         19.10272598         4.082798004    
O2-            145
     7.796057701         5.191411495         18.02391434    
O2-            146
     17.44576454         2.330472946         16.76629257    
O2-            147
     22.99479485         15.26429939         10.58547306    
O2-            148
     22.69081879         2.771534443         10.38282299    
O2-            149
     2.491400719         21.70737267         11.08017731    
O2-            150
    0.6437111497         11.46759605         6.818570614    
O2-            151
     20.73584366         3.337761641         12.87422371    
O2-            152
     23.69810677         9.476859093         19.56166649    
O2-            153
     23.53717995         19.56166649         5.525187969    
O2-            154
     10.10865021         12.30203629         17.31464005    
O2-            155
     19.22789192         6.085454941         14.08416271    
O2-            156
     2.664249182         15.09145069         11.09209728    
O2-            157
     9.667588234         9.709310532         20.01465034    
O2-            158
     16.61132431         2.700010777         12.78482056    
O2-            159
     3.349682331         2.592725754         23.09015846    
O2-            160
     5.119887829         2.884779692         14.85899925    
O2-            161
     12.93978596         18.39941216         19.39477921    
O2-            162
     17.04046631         9.351693153         5.000682354    
O2-            163
     11.09209728         23.51929855         11.17554188    
O2-            164
     16.14642143         12.14706898         10.57951260    
O2-            165
     8.594736099         14.59078789         14.21528912    
O2-            166
    0.5304656625         15.91993237         4.434454918    
O2-            167
     10.27553844         18.06563568        0.7390757799    
O2-            168
     3.772862673         2.831137180         12.70137501    
O2-            169
     15.33582306         22.97691345         6.365588665    
O2-            170
     13.32720566         2.807296038         7.647050858    
O2-            171
     12.47488499         2.324512720         21.19478798    
O2-            172
     5.858963966         3.087429523         4.494057655    
O2-            173
     14.08416271         7.742414951         12.01594162    
O2-            174
     20.81332779         13.73846531         16.73053169    
O2-            175
     16.34311104         4.577501774         21.30803299    
O2-            176
     23.38817406         6.109296322         13.60137844    
O2-            177
     22.97095299         6.735126019         19.21001053    
O2-            178
     17.71397781         16.13450050         14.41793919    
O2-            179
     6.329826832         6.031812668         20.12193489    
O2-            180
     12.42720222         8.624537468         13.21395969    
O2-            181
     15.84244823         5.537107944         13.16627789    
O2-            182
     3.510610104         7.241750717         17.82126427    
O2-            183
     16.99278259         20.71200371         2.980144262    
O2-            184
     19.70471573         16.80205536         7.372877598    
O2-            185
     7.754335880         7.796057701         8.380166054    
O2-            186
     10.93712997         15.43714809         9.870238304    
O2-            187
     11.89673615         7.217909813         5.191411495    
O2-            188
     19.47226334         23.26300621         7.617249489    
O2-            189
     23.61466408         10.74640083         1.829808593    
O2-            190
     6.896054268         22.85174751         18.12523842    
O2-            191
     1.770205855         23.73983002         16.52788162    
O2-            192
     1.138415217        0.3516570330         5.537107944    
O2-            193
    0.9059638977         7.587447166         9.548382759    
O2-            194
     12.71329594         3.892068863         17.96431160    
O2-            195
     4.148361206         11.75368977        0.4172202200E-01
O2-            196
     10.83580494         3.319880962         8.386126518    
O2-            197
     6.526515961         16.60536385        0.4589422643    
O2-            198
     17.08814812         20.26498222         21.09942245    
O2-            199
     19.29345512         14.30469322         9.321891785    
O2-            200
     3.176834106         10.41858482         2.843057871    
O2-            201
     5.835122585         4.726509094         23.80539322    
O2-            202
    0.8940432966E-01     20.17557716         9.137123108    
O2-            203
     18.35768890         10.28149796         8.129834175    
O2-            204
     12.69541550         12.61793137         1.931133509    
O2-            205
     9.059638977         1.418548703         19.57954788    
O2-            206
     1.275501847         19.49610519         15.03780842    
O2-            207
     4.863595486         22.23187828         15.23449898    
O2-            208
     16.56960297         14.14972496         8.553014755    
O2-            209
     22.12459183        0.7509963512         18.13119888    
O2-            210
     2.682129860         7.915263653         2.312592030    
O2-            211
     11.34838963         9.780833244         11.09805775    
O2-            212
     1.430469275         3.355642557         10.46626663    
O2-            213
     20.89081192         10.47222710         19.51398468    
O2-            214
     3.439086676         6.866252899         10.03116608    
O2-            215
     15.89013004         16.62324524         17.84510422    
O2-            216
     21.43319893         21.92790222         1.805967450    
O2-            217
     12.83846188         6.633801460         17.61265373    
O2-            218
     16.87953758         7.515923977         20.36630630    
O2-            219
     11.04441452         22.70870018         16.76033211    
O2-            220
     3.433126450         20.08617401         7.068902969    
O2-            221
     17.82126427         5.221212864         9.637786865    
O2-            222
     10.13249111         16.20602417         5.477505207    
O2-            223
     22.70273972         23.03055573         19.78219986    
O2-            224
     7.796057701         22.63121605         11.51527786    
O2-            225
     4.678826809         13.94111633         6.723205566    
O2-            226
     3.778822899         21.55836487        0.6139097810    
O2-            227
     18.13715935         19.91332436         12.16494942    
O2-            228
     21.46299934         1.013249040         14.73383427    
O2-            229
     8.499372482         22.69677925         14.50734234    
O2-            230
     13.51197529         12.97554874         17.76166153    
O2-            231
    0.5662274361         9.202685356         3.570213079    
O2-            232
     23.59082222         1.192057729         12.29607677    
O2-            233
     19.51398468         16.09874153         20.27094269    
O2-            234
     21.55836487         15.90801048         14.59674740    
O2-            235
     17.55901146        0.8523213267         2.622527122    
O2-            236
     22.43452644         11.58680153         9.822556496    
O2-            237
     6.121216774         5.131808758         15.44906807    
O2-            238
    0.3397364616         13.72654533         1.680801392    
O2-            239
     12.52852631         12.05766392         5.674194813    
O2-            240
     1.966895342         21.11134148         8.409967422    
O2-            241
     3.683458567         16.52192116         8.827187538    
O2-            242
     15.24641895         17.97623062         14.11396313    
O2-            243
     2.324512720         22.54181099         21.05173874    
O2-            244
     2.467559576         9.214607239         16.97490120    
O2-            245
     16.08681870         1.954974651         4.112599373    
O2-            246
     5.405982018         1.370866418         7.056981564    
O2-            247
    0.4052996337         17.05834770         6.925855637    
O2-            248
     1.478151560         4.196043491         13.03515148    
O2-            249
     13.41661072         2.306631804         9.798714638    
O2-            250
     5.137769222         3.528490782         2.127823114    
O2-            251
     10.47818756         18.78683090         8.421888351    
O2-            252
     19.01928139         7.951025486         2.723851919    
O2-            253
     2.974184036         16.71860886         13.54773617    
O2-            254
     9.351693153         3.474848270         16.64112663    
O2-            255
     13.85171127         6.764928341         21.82657814    
O2-            256
     8.862949371         9.894079208         4.970880985    
O2-            257
     23.26896858         3.844386339         3.659617186    
O2-            258
     7.921224117         4.482137203         3.343722105    
O2-            259
     16.40271378         18.21464348         2.211267233    
O2-            260
     12.08746624         6.258303165         9.888118744    
O2-            261
     16.70072937         22.39876556         20.24114037    
O2-            262
     23.41797447         21.00405693         13.95303631    
O2-            263
     8.159635544        0.6913934946         22.09479141    
O2-            264
     14.69211197         14.70999336         17.05834770    
O2-            265
     15.09741211         15.72324085         5.149689198    
O2-            266
     4.130480289         18.54841995         19.90140533    
O2-            267
     15.55039406         6.496714592         4.565581322    
O2-            268
     9.000036240         6.210620880        0.3576173261E-01
O2-            269
     3.850346565         8.290761948         21.19478798    
O2-            270
     3.290079594         16.52788162         20.81332779    
O2-            271
     19.01928139         3.033786774         1.335104704    
O2-            272
     14.90072155         10.30533981         8.511292458    
O2-            273
     3.927830458         1.543714762         1.370866418    
O2-            274
     16.71860886         22.32724190         17.04642677    
O2-            275
     18.38749123         22.63717651         10.94309044    
O2-            276
     19.50802612         16.13450050         1.668880820    
O2-            277
     2.920541525         1.919213057         5.382141113    
O2-            278
     15.63383770         18.54841995         8.982155800    
O2-            279
     7.664931297         6.735126019         12.72521591    
O2-            280
     1.686761737         14.44773960         23.16764259    
O2-            281
     22.30936241         16.50403976         1.108613729    
O2-            282
     10.57951260         12.11130714         21.41531754    
O2-            283
     17.65437508         7.837779522         22.96499252    
O2-            284
     19.80007935         10.86560631         22.32724190    
O2-            285
     20.67028236         17.45172691         4.136440277    
O2-            286
     20.68220329         11.61064243         13.61925983    
O2-            287
     10.08480835         1.490072131         6.729166031    
O2-            288
     18.18484116         22.52393150        0.9596065283    
O2-            289
     17.71397781         13.46429253         4.619223595    
O2-            290
     15.81264591         9.500700951         13.20203972    
O2-            291
     7.688772678         12.12322807         1.347025275    
O2-            292
     14.44773960         4.237765312         16.20006561    
O2-            293
     2.348353863         11.32454872         18.57822037    
O2-            294
     14.05436039         22.57757378         14.85899925    
O2-            295
    0.3874187768         7.045061111         22.62525749    
O2-            296
     13.38680840         0.000000000         10.32322025    
O2-            297
     3.582133532         19.66299248         15.54443264    
O2-            298
     1.907292485         23.54910088         2.390075922    
O2-            299
     20.42590904         22.16035461         17.54709053    
O2-            300
     22.84578705         15.06165028         17.33251953    
O2-            301
     19.93120575         19.16232872         13.29740524    
O2-            302
     15.89013004         22.36300278         12.35567951    
O2-            303
     15.03780842         13.46429253         7.116584301    
O2-            304
     22.29743958         3.456967592        0.4708628058    
O2-            305
     5.072205544         18.59610176         8.225198746    
O2-            306
     16.34311104         2.551003695         10.00136471    
O2-            307
     7.289433002         13.81594944         8.547054291    
O2-            308
     22.27956009         5.560949326         7.879501820    
O2-            309
     19.20405006         15.16297531         18.23252487    
O2-            310
     11.62852383         7.748375416         15.59211540    
O2-            311
     20.69412231         13.53581619         21.73121262    
O2-            312
     13.04707241         19.74047661         7.092743874    
O2-            313
     17.55305099         15.63383770         5.984129906    
O2-            314
     14.18548775         13.45237255         21.99346542    
O2-            315
     10.72255993         5.239093781         7.152346611    
O2-            316
     7.778176785         9.524540901         10.13249111    
O2-            317
     10.03712654         11.75368977        0.6913934946    
O2-            318
     19.31133652         4.178162575         18.37557030    
O2-            319
     13.85171127         4.899357319         11.66428566    
O2-            320
     6.103335857         14.69807243         17.30867767    
O2-            321
     8.493412018         13.79210854         16.52192116    
O2-            322
     18.19676208         10.92520905         12.38547993    
O2-            323
     14.85899925         16.87357712         23.69214821    
O2-            324
     9.423216820         19.09080505         3.158953190    
O2-            325
    0.8702021837         21.98750496         23.14976311    
O2-            326
     15.50867176         11.22918415         23.30472946    
O2-            327
    0.1311263591         17.74378014         9.834476471    
O2-            328
     9.000036240         7.766256332         21.42723846    
O2-            329
     23.51929855         8.260960579         15.14509392    
O2-            330
     23.37029266         3.415245295         16.58748436    
O2-            331
     12.63581276         19.18021011         2.634447813    
O2-            332
     4.899357319         12.82058048         2.348353863    
O2-            333
     14.41197872        0.4768231213         20.06829262    
O2-            334
     15.08549118         15.93185139         13.26164246    
O2-            335
     16.67092896         20.50935364         23.51334000    
O2-            336
     7.307313919         22.41068649         1.090732932    
O2-            337
     2.181465864         20.37822723         2.992064953    
O2-            338
     6.085454941         9.768913269         21.89213943    
O2-            339
     20.51531410         21.51068306         8.886790276    
O2-            340
     13.49409389         8.618577957        0.6496714950    
O2-            341
     8.201356888         22.55373192         8.767584801    
O2-            342
     21.55240440         13.45237255         3.355642557    
O2-            343
     10.23977566         17.23119354         16.77821159    
O2-            344
     10.78812218         23.01267624         5.966248989    
O2-            345
     16.99874496         18.20868111         10.91328907    
O2-            346
     20.85504913         5.042404175         16.25966835    
O2-            347
     11.44971466         14.45966053         1.245700359    
O2-            348
     18.17292213         8.648379326         14.20932865    
O2-            349
     15.15105343         22.49412918         18.63782310    
O2-            350
     6.532476902         19.59742928         10.87752724    
O2-            351
     3.749021530         4.738429546         22.23783684    
O2-            352
     6.538436413         19.82988167         21.64180946    
O2-            353
     1.019209385         18.20272255         23.47161674    
O2-            354
     9.625866890         14.45966053         21.42127800    
O2-            355
     5.340418816         8.606657028         16.69476891    
O2-            356
     22.51797104         3.248357296         6.943736553    
O2-            357
     22.24975967        0.5066245198         2.515241861    
O2-            358
     9.292089462         7.951025486         15.42522717    
O2-            359
     2.694050550        0.3337761760         8.046389580    
O2-            360
     9.852357864         7.039101601         8.189436913    
O2-            361
     8.576855659         9.756992340         13.11859608    
O2-            362
     13.58349800         12.85038280         8.797386169    
O2-            363
     2.145704031         9.053678513         6.806650162    
O2-            364
     19.31729698         2.169545174         8.278841019    
O2-            365
     16.96298218         6.472873688         1.150335670    
O2-            366
     13.68482208         6.854332447         7.003339291    
O2-            367
     13.05303192         23.41201401         1.794046998    
O2-            368
     11.83713341         20.88485146         1.019209385    
O2-            369
     15.67555904         8.910632133         23.66234779    
O2-            370
     9.816596031         12.11726665         12.36759853    
O2-            371
     8.386126518         2.080140829         3.474848270    
O2-            372
     12.37355995         14.94244480         16.36099243    
O2-            373
     4.213923931         21.32591248         21.81465721    
O2-            374
     7.664931297         12.24839306         4.339090347    
O2-            375
     13.18415928         14.49542236         4.070877075    
O2-            376
     4.362931728         10.23977566         9.560303688    
O2-            377
     2.920541525         10.46626663         12.97554874    
O2-            378
     10.64507580         1.960935116         4.017234802    
O2-            379
     21.79677582         8.976194382         16.82589531    
O2-            380
     7.104664326         13.14243698         13.29740524    
O2-            381
     20.28882217         12.58216953         19.74643707    
O2-            382
     22.00538635         18.28616524         8.505331993    
O2-            383
     23.21532440         13.24972153         20.57491684    
O2-            384
     22.47028923         7.885462284        0.2384115569E-01
O2-            385
     4.726509094         23.29280853         19.49014473    
O2-            386
     11.59276104        0.8344404101         19.53186607    
O2-            387
     12.45700359         3.921870232         13.95303631    
O2-            388
     22.85770798         1.615238309         21.11730385    
O2-            389
     11.53315830         5.912606239         1.656960368    
O2-            390
     20.99213600        0.2145704031         4.428494453    
O2-            391
     1.943054080         18.44113350         4.762270451    
O2-            392
     14.23913002         17.74378014         11.15170002    
O2-            393
     8.177515984        0.6079494357         17.05834770    
O2-            394
     17.25503731         15.81264591         20.61663818    
O2-            395
     6.091415405         22.30340004         13.17819881    
O2-            396
     16.56960297         8.040430069         11.23514462    
O2-            397
     14.23913002         10.10268974         2.545043230    
O2-            398
     5.900686264         21.18882561         2.878819466    
O2-            399
     20.16365623         12.47488499         11.32454872    
O2-            400
     13.02919102         18.59610176         16.11066055    
O2-            401
     7.718574047         11.33646965         17.79146194    
O2-            402
     2.413917065         3.147032261         3.480808735    
O2-            403
     22.47624969         7.796057701         4.583462238    
O2-            404
     14.62058830         2.616566658         21.99942589    
O2-            405
     21.06365967         2.604646206         18.91199684    
O2-            406
     16.67092896         20.27690315         6.717245579    
O2-            407
     18.29808617         4.911278248         11.88481617    
O2-            408
     18.12523842         12.89806461         21.55836487    
O2-            409
     5.680155277         6.234461784         8.451689720    
O2-            410
     5.185451508         20.50339317         18.82259178    
O2-            411
     23.40009308         6.931816101         2.366234541    
O2-            412
     5.841083050         11.29474735         20.30074310    
O2-            413
     3.158953190         2.044378996         9.548382759    
O2-            414
     15.81860638         1.215898871         18.45901489    
O2-            415
     21.78485489         13.39872932         12.88018322    
O2-            416
     16.77821159         8.523213387         16.89145851    
O2-            417
     10.38878345         1.132454872         22.05307007    
O2-            418
     19.83584023         3.439086676         21.24842834    
O2-            419
     13.71462440         5.626512527         2.312592030    
O2-            420
     3.093389988         13.39872932         21.00405693    
O2-            421
     21.42723846         11.66428566         17.31464005    
O2-            422
     2.729812384        0.2562924027         18.95371819    
O2-            423
    0.9953682423         4.362931728        0.8463609815    
O2-            424
     5.495386124         9.697389603         12.82654190    
O2-            425
     23.40605545         17.86894608         16.93317986    
O2-            426
     20.11597443         1.174176931         21.83253670    
O2-            427
     14.54906559         8.529173851         18.23848343    
O2-            428
     17.29079628         5.942408085         17.74378014    
O2-            429
     14.31065273         21.70141220        0.6615920663    
O2-            430
     7.474202156         11.59872246         9.321891785    
O2-            431
     7.420559406         21.83849907         20.17557716    
O2-            432
     6.657642841         6.300024986         3.951671600    
O2-            433
     5.894725323        0.2622527182         2.992064953    
O2-            434
     3.254317522         3.468888044         19.10868645    
O2-            435
     19.26961327         13.67886257         14.65635014    
O2-            436
     18.45305443         10.99673271         15.18085575    
O2-            437
     16.45635796         21.61200714         14.78747654    
O2-            438
     9.202685356         18.09543800         21.73121262    
O2-            439
     4.494057655        0.3695378900         16.25966835    
O2-            440
     1.972855687         1.031129956         14.63846874    
O2-            441
     13.18415928         21.46299934         22.10075188    
O2-            442
     8.493412018         3.796704054         20.47955132    
O2-            443
     17.11795044         20.12193489         16.55768204    
O2-            444
     16.22986603         11.61064243         5.119887829    
O2-            445
     21.34379387         14.01263905         1.043050528    
O2-            446
     8.505331993         21.34379387         22.79810524    
O2-            447
     12.55236912         5.417902470         20.15173531    
O2-            448
     16.73649025        0.4589422643         13.05303192    
O2-            449
     10.44242573         14.57886600         12.27819538    
O2-            450
     17.05238533         12.87422371         1.746364594    
O2-            451
     5.847043514         14.11396313         10.75236130    
O2-            452
     23.35837173         5.489426136         5.858963966    
O2-            453
     1.811927795         10.54375076        0.3278158903    
O2-            454
     9.923880577         6.133137226         3.200675011    
O2-            455
    0.8642418981         7.098704338         17.30867767    
O2-            456
     20.86101151         21.68949127         21.26034927    
O2-            457
     6.544396877        0.9655667543         14.30469322    
O2-            458
     5.960288525         9.596065521        0.8284801841    
O2-            459
     9.065599442         8.499372482         2.479480028    
O2-            460
    0.1311263591         19.18616867         20.34246445    
O2-            461
     5.429823399         18.91199684         16.56364250    
O2-            462
     19.37093925         17.44576454         16.01529503    
O2-            463
     1.525833964         12.48084450         16.56364250    
O2-            464
     17.74378014         4.798032761         6.216581345    
O2-            465
     19.71067429        0.6496714950        0.1788086593    
O2-            466
     18.94179726         9.542422295         17.88682747    
O2-            467
     10.56759262        0.4768231139E-01     2.181465864    
O2-            468
     5.233133316        0.5721877217         22.65505791    
O2-            469
     5.584790707         12.76693916         15.92589188    
O2-            470
     4.809953213         11.22918415         5.000682354    
O2-            471
     8.064270973         17.17755318         18.85239410    
O2-            472
     1.561595798         5.686115742         2.872859240    
O2-            473
     13.50601387         17.76166153         8.791425705    
O2-            474
     10.00136471         16.35503197         23.07227898    
O2-            475
     7.569567204         7.569567204         6.043733120    
O2-            476
     9.572223663         19.15040779         10.57951260    
O2-            477
     2.503321171         12.32587719         7.903343201    
O2-            478
     20.22921944         10.98481178         9.470898628    
O2-            479
     5.042404175         23.70406914         5.310617447    
O2-            480
     13.87555218         2.854978323        0.7867580652    
O2-            481
     12.43316269         1.341064930         11.98614120    
O2-            482
     7.730494499         17.92854881         8.505331993    
O2-            483
     3.600014448         4.625184059         11.31858826    
O2-            484
    0.9238447547         14.77555561         7.414599419    
O2-            485
     7.742414951         7.831819057         18.11331749    
O2-            486
     12.34971809         1.913252711         16.39675522    
O2-            487
     9.739111900         6.806650162         10.59739399    
O2-            488
     3.987433195         4.786111832         7.015259743    
O2-            489
     2.455639124        0.5960289016E-01     12.12322807    
O2-            490
     4.178162575         19.60935020         10.12057018    
O2-            491
     9.524540901         10.83580494         8.344404221    
O2-            492
     7.164267063         16.24774742         21.33187485    
O2-            493
     14.65039062         19.56762886         23.66234779    
O2-            494
     11.85501480         19.16828918         23.44777679    
O2-            495
     4.631144047         19.59146881         1.978815913    
O2-            496
     23.46565819         21.20074654         17.85702515    
O2-            497
     16.88549805         7.450360775         6.937776089    
O2-            498
     11.38415146         18.14311981         5.608631611    
O2-            499
     11.27090549         19.76431847         19.92524529    
O2-            500
     9.393415451         17.91662788         14.51330376    
O2-            501
     1.662920594         5.274855614         8.404006958    
O2-            502
     3.206635475         16.18814468         5.757638931    
O2-            503
     23.03651619         21.75505447         5.549028873    
O2-            504
     21.00405693         16.68284798         11.34243011    
O2-            505
     6.627841473         20.27094269         14.91860199    
O2-            506
     12.36759853         10.00136471         20.37822723    
O2-            507
     18.25636482         23.79347229         18.92391777    
O2-            508
     1.114573956         12.90402603         12.90998554    
O2-            509
     11.50931740         8.827187538         18.32788658    
O2-            510
     22.98883438         15.40734577         12.89806461    
O2-            511
     12.74309731         20.90273285         17.05238533    
O2-            512
     2.968223810         14.44773960         1.168216586    
O2-            513
     20.38418770         6.133137226         8.868909836    
O2-            514
     6.377509117         17.18947220         4.035115719    
O2-            515
     3.671538115         12.72521591         13.27356243    
O2-            516
     8.636458397         14.41197872         1.496032476    
O2-            517
     18.05967522        0.4827833772         5.775519848    
O2-            518
     19.50802612         10.16229248         2.139743805    
O2-            519
     13.13051605         14.13780594         12.55832863    
O2-            520
     1.221859217         19.96100807         12.75501823    
O2-            521
     1.257620931         7.891422749         12.88614464    
O2-            522
     10.02520561         20.37226677         5.149689198    
O2-            523
     20.55703545         16.05105782         22.62525749    
O2-            524
     8.052350044         1.674841166         8.308642387    
O2-            525
     20.18749809         9.220566750         5.030483723    
O2-            526
     21.51664162         10.66295624         3.111270666    
O2-            527
     14.42985821         16.42059517         2.872859240    
O2-            528
     21.69545174         22.61333466         15.13317299    
O2-            529
     11.15766048         8.541093826         3.218555927    
O2-            530
     18.59014130         22.95903206         22.64313698    
O2-            531
     14.51926327        0.3039747179         12.52852631    
O2-            532
     22.32128143         22.30340004         10.53779125    
O2-            533
     1.752324820         17.41596413         18.30404663    
O2-            534
     2.074180603         9.798714638         10.94309044    
O2-            535
     18.86431503         19.25173378         3.540411711    
O2-            536
     7.241750717         18.42921448         12.60601044    
O2-            537
     14.86496067         10.06692791         21.02193832    
O2-            538
     5.823202133         3.719220161         12.41528225    
O2-            539
    0.6139097810         16.00337601         20.59875679    
O2-            540
     6.675523281         19.72259712         4.452335835    
O2-            541
     15.71132183         1.412588477         15.35966396    
O2-            542
     12.00402260         8.696062088         9.196725845    
O2-            543
     20.72392464         7.146386147         22.09479141    
O2-            544
     19.04312325         6.323866844         16.40867424    
O2-            545
     13.76230621         14.46562099         1.132454872    
O2-            546
     11.09805775         13.22588062         10.38878345    
O2-            547
     14.73383427         14.63846874         9.679509163    
O2-            548
     18.56033897         21.24246979         13.87555218    
O2-            549
     18.60802269         1.871530652         14.46562099    
O2-            550
     15.28218079         18.50669670         6.758967400    
O2-            551
     11.49739742         10.97885227         15.95569229    
O2-            552
     18.19676208         20.18749809         9.304011345    
O2-            553
     18.07755661         13.93515491         12.82058048    
O2-            554
     3.141072035         7.629169941         15.05568886    
O2-            555
     20.44379044         4.672866344         10.64507580    
O2-            556
     14.43581963        0.3516570330         3.582133532    
O2-            557
    0.3099350035         17.97027016         2.825176954    
O2-            558
     15.22853756         18.81067085         17.26099586    
O2-            559
     11.16958141         21.20074654         9.774873734    
O2-            560
     18.85239410         16.22986603         3.808624744    
O2-            561
     13.83979034         3.993393421         4.678826809    
O2-            562
     6.407310486         13.95899582         4.976840973    
O2-            563
     22.93519211         6.067573547         16.29542923    
O2-            564
     19.99080849         4.696707726         6.687444210    
O2-            565
     4.106638908         16.36695290         17.95238876    
O2-            566
     11.67024517         10.33514118         1.388747334    
O2-            567
     2.193386316         8.493412018         22.92922974    
O2-            568
     15.00204754         7.551685810         15.25833988    
O2-            569
     13.80402946         16.25966835         19.84180260    
O2-            570
     3.826505423         21.08750153         4.327169418    
O2-            571
     19.40073967         5.090086460         2.044378996    
O2-            572
     13.41661072         21.55240440         8.398046494    
O2-            573
     14.47754192         16.21794701         7.265592098    
O2-            574
     2.139743805         6.824531078         6.550357819    
O2-            575
     19.28749466         17.84510422         23.14976311    
O2-            576
     23.38817406         11.36627102         15.35966396    
O2-            577
     8.302681923         23.48353767         6.413270950    
O2-            578
     13.23184109         10.49010849         22.81598473    
O2-            579
     20.96233559         14.99608612         7.831819057    
O2-            580
     10.66295624         5.703996181         16.99278259    
O2-            581
     15.50271130         3.993393421         19.29941559    
O2-            582
     2.819216490         17.86298561         11.58084106    
O2-            583
     17.74974060         4.649025440         15.40138626    
O2-            584
     7.658971310         4.690747261         9.935801506    
B3+            585
     18.73318672         7.658971310         8.004668236    
B3+            586
     1.442389846         23.04843712         21.48088074    
B3+            587
     6.317906380         16.55172157        0.5841082931    
B3+            588
     19.21001053         14.72191238         19.75835609    
B3+            589
     16.92721939         22.90538979         6.431151390    
B3+            590
     9.804675102         18.56629944         17.98815155    
B3+            591
     20.30670357         3.623855591         17.22523499    
B3+            592
     16.43251610         15.31794262         4.541739941    
B3+            593
    0.9596065283        0.1430469304         7.921224117    
B3+            594
     5.102007389         18.33384895         1.645039797    
B3+            595
     9.196725845         12.97554874         23.44181442    
B3+            596
     22.63121605         12.42720222        0.1192057803    
B3+            597
     14.42985821         6.955657005         10.41858482    
B3+            598
     9.053678513         16.13450050         18.94179726    
B3+            599
     18.79874992         20.54511642         9.399374962    
B3+            600
     9.965602875         7.742414951         7.587447166    
B3+            601
     9.453018188         13.07687283         15.84840775    
B3+            602
     14.64442921         20.93849564         9.894079208    
B3+            603
     3.170873642         10.78216267         20.25902176    
B3+            604
     11.82521248         10.93116951         9.375534058    
B3+            605
     19.60935020         17.68417740         13.63118076    
B3+            606
     14.99012661         14.21528912         8.177515984    
B3+            607
     19.62723160         16.44443703         8.672220230    
B3+            608
     11.19938278         13.94707584         4.255646229    
B3+            609
     19.95504570         20.31862450         12.36163902    
B3+            610
     19.30537415         14.44773960         1.299342990    
B3+            611
     14.58482647         3.784783602         8.177515984    
B3+            612
     8.088111877         17.77954102         9.637786865    
B3+            613
    0.6556317955E-01     21.80869675         2.610606432    
B3+            614
     23.54314232         19.56166649         0.000000000    
B3+            615
     4.988761425         12.95766735         16.18814468    
B3+            616
     6.472873688         11.08613777         17.74974060    
B3+            617
     18.09543800         8.505331993         1.740404367    
B3+            618
     1.919213057         14.47754192         15.03780842    
B3+            619
     5.537107944        0.2443718314         18.45305443    
B3+            620
     3.337761641         3.838426113         6.574198723    
B3+            621
     12.52256680         22.57757378         17.84510422    
B3+            622
     7.033140659         10.47222710         7.062942505    
B3+            623
     3.385443926         9.155003548         5.453664303    
B3+            624
     9.190765381         20.02656937         12.29607677    
B3+            625
     4.356970787         23.57890129         8.755664825    
B3+            626
     5.084126472         18.69742584         17.49344826    
B3+            627
     11.26494598         14.06628132         19.60935020    
B3+            628
     9.959642410         6.454992771         11.18746185    
Ca2+           629
     11.10997868         8.576855659         15.06165028    
Ca2+           630
     21.86233902         11.73580837         15.31198120    
Ca2+           631
     9.113281250         9.166924477         7.170227528    
Ca2+           632
     19.99676895         6.085454941        0.8642418981    
Ca2+           633
     4.321209431         5.686115742         10.25765705    
Ca2+           634
    0.6794729233         16.23582649         15.52655125    
Ca2+           635
     17.11795044         21.59412575         22.69081879    
Ca2+           636
     6.037772179         8.028509140         7.754335880    
Ca2+           637
     19.23385239         2.413917065         2.396036148    
Nb5+           638
     16.62324524         12.47488499         4.160281658    
Nb5+           639
     1.233779788         12.78482056         4.243725300    
Nb5+           640
     9.965602875         5.543068886         16.74841118    
Nb5+           641
     5.400021553         20.68816185         13.10667515    
Nb5+           642
     8.660299301         6.651682377         15.09741211    
Nb5+           643
     12.59409046         16.00337601         22.49412918    
Nb5+           644
     16.02125740         22.05307007         18.27424622    
Nb5+           645
     10.87156677         16.52192116         7.205989361    
Nb5+           646
     6.258303165         9.184804916         13.95303631    
Nb5+           647
     17.52324867         14.54310417         12.67157459    
Nb5+           648
     9.250368118         8.159635544         21.48088074    
Nb5+           649
     1.519873738         18.05371475         18.06563568    
Nb5+           650
     22.10671043         19.78815842         16.66496849    
Nb5+           651
     15.43118858         21.39147758         15.62787819    
Nb5+           652
     10.53182983         17.37424278         23.40009308    
Nb5+           653
     1.513913393         16.03913689         15.61595631    
Nb5+           654
     1.710602760         3.850346565         5.972209454    
Nb5+           655
     19.35901833         21.77889633         12.28415489    
K1+            656
     20.36630630         14.26893139         3.129151583    
K1+            657
     1.138415217         12.64177227         23.32260895    
K1+            658
     6.985458374         2.390075922         16.82589531    
K1+            659
     11.28282738         1.078812242         4.255646229    
Li1+           660
     12.14706898         15.60999680         19.96696663    
Li1+           661
     11.68812656         10.11460972         20.69412231    
Li1+           662
     22.55969238         1.764245391         5.596711159    
Li1+           663
     14.35833645         21.29015160         10.16229248    
Li1+           664
     17.98219109         23.35241127         1.376826644    
Na1+           665
     7.051022053         13.08283424         2.884779692    
Na1+           666
     2.217227459         5.268895626         5.346378803    
Na1+           667
     5.036444187         20.03252983         11.67620564    
Na1+           668
     21.76697540         17.32655907         10.23381615    
Na1+           669
     11.36031055         15.98549461         1.746364594    
Na1+           670
     3.933790684         19.22193146         4.112599373    
Na1+           671
     20.45571136         9.834476471         21.20074654    
Na1+           672
     6.365588665         22.82790565         8.994075775    
Na1+           673
     23.57294273         13.67290306         5.358299732    
Na1+           674
     1.645039797         19.43650246         6.234461784    
Na1+           675
     8.016588211         19.65107155         19.62723160    
Na1+           676
     9.095400810         13.27952385         12.92190647    
Na1+           677
    0.5364260077         17.88086700         17.73185921    
Na1+           678
     23.27492714         12.27223396         2.002657175    
Na1+           679
     4.041075706         5.870884418         3.105310440    
Na1+           680
     11.39011192         18.04775429         22.41068649    
Na1+           681
     6.002011299         3.337761641         5.411942482    
Na1+           682
     5.388101101         21.99942589         14.13780594    
Na1+           683
     6.782808304         15.77688408         20.53915405    
Na1+           684
     11.37819099         8.451689720         22.01730728    
Na1+           685
     17.42192459         9.774873734         8.493412018    
Na1+           686
     8.803346634         18.37557030         7.974866390    
Na1+           687
     15.27025986         6.127176762         4.428494453    
Na1+           688
     6.395390034         2.658288717         17.57689095    
Na1+           689
     22.94711113         10.00732517         8.946393013    
Na1+           690
     14.41197872         9.435136795         9.286129951    
Na1+           691
     1.341064930         23.60274506         4.386772633    
Na1+           692
     7.205989361         5.608631611         11.75964928    
Na1+           693
     16.89145851         16.30735016         15.00800705    
Na1+           694
     19.44842339         12.86230278         7.390758038    
Na1+           695
     10.94309044         12.30203629         2.413917065    
Na1+           696
     19.66299248         18.56033897         4.970880985    
Na1+           697
     16.79013443         7.152346611         11.09209728    
Na1+           698
     22.94711113         23.16168213         6.794729710    
Na1+           699
     17.40404320         3.456967592         14.76959610    
Na1+           700
     11.58084106         5.632472992         17.09410858    
Na1+           701
     13.56561661         19.88352394         22.89346886    
Na1+           702
     10.72851944         3.987433195         4.803992748    
Na1+           703
     8.141754150         14.19740868         16.74841118    
Na1+           704
     10.20997429         6.979497910         18.56033897    
Na1+           705
     6.270223618         19.72855568        0.9000036120    
Na1+           706
     1.752324820         13.20203972         8.815267563    
Na1+           707
     13.39872932        0.6973537803         23.63254547    
Na1+           708
    0.7331154943         7.527844429         13.05899334    
Na1+           709
     8.356325150         3.027826786         20.10405350    
Na1+           710
     4.511938572         16.67688751         1.668880820    
Na1+           711
     13.73250580         12.86230278         15.96761417    
Na1+           712
     23.63254547         4.094718456         21.71929359    
Na1+           713
     9.011957169         4.851675034         10.69871807    
Na1+           714
     12.48084450         17.21331406         17.61265373    
Na1+           715
     12.12918758         3.528490782         23.18552208    
Na1+           716
     10.44242573         9.125202179         14.65635014    
Na1+           717
     16.90337944         14.09608269         13.13051605    
Na1+           718
     21.55836487         5.173530579         4.798032761    
Na1+           719
    0.9000036120         6.186779976         15.60403538    
Na1+           720
     8.225198746        0.5364260077         21.02193832    
Na1+           721
    0.6794729233         15.06165028         23.24512672    
Na1+           722
     10.23381615         23.14976311         16.16430283    
Na1+           723
     1.871530652         14.91264248         16.18814468    
Na1+           724
     19.16828918         6.061614037         6.794729710    
Na1+           725
     5.847043514         20.42590904         8.898711205    
Na1+           726
     16.46231651         4.422534466         7.068902969    
Na1+           727
     15.96165371         11.85501480         13.20203972    
Na1+           728
     7.259631634         5.477505207         18.19080162    
Na1+           729
     16.56364250         4.929158688         21.74909401    
Na1+           730
     21.14114380         23.05439758         15.38946533    
Na1+           731
     21.03385925         16.09277916         14.30469322    
Na1+           732
     7.009299278         6.031812668         20.89677238    
Na1+           733
     1.829808593         2.825176954         15.82456684    
Na1+           734
     15.43118858         14.57886600         1.943054080    
Na1+           735
     11.26494598         13.06495380         4.738429546    
Na1+           736
     6.401350021         4.070877075         1.406628132    
Na1+           737
     11.72388840         14.72191238         8.076190948    
Na1+           738
     12.88614464         23.12591934         12.45700359    
Na1+           739
     22.83386612         6.806650162         9.840436935    
Na1+           740
     15.19873714         5.656314373         10.30533981    
Na1+           741
     19.52590752         6.139097691         9.911960602    
Na1+           742
     6.508635044         23.42989540         1.114573956    
Na1+           743
     8.624537468         6.180819511         8.463609695    
Na1+           744
     7.402678967         2.127823114         2.235108376    
Na1+           745
     20.48551369         10.32322025         10.58547306    
Na1+           746
     14.50138283         22.74446297         21.48684120    
Na1+           747
     18.47093582         6.305985928         21.62392807    
Na1+           748
     19.50206375         16.49807930         3.814584970    
Na1+           749
     23.10803986         2.896700382         18.50073624    
Na1+           750
     20.90869331         6.925855637         2.032458544    
Na1+           751
     12.52256680         12.52852631         19.52590752    
Na1+           752
     18.75702858         6.079494953         15.54443264    
Na1+           753
    0.4887436628        0.1013249084         14.20932865    
Na1+           754
     8.707982063         15.58615494         11.59872246    
Na1+           755
     4.887436867         3.230476618         8.511292458    
Na1+           756
     3.874187708         12.31991768         16.49211884    
Na1+           757
     20.93253326         14.60270691         17.26099586    
Na1+           758
     3.009945631         7.211949348         14.49542236    
Na1+           759
     11.74176884         23.60274506         1.221859217    
Na1+           760
     1.436429620         19.00736046         21.84445953    
Na1+           761
     19.25769424         3.725180387         21.12326431    
Na1+           762
    0.3576173186         17.32655907        0.5125848055    
Na1+           763
     4.565581322         9.971563339         11.34838963    
Na1+           764
     15.25833988         22.12459183         11.92057705    
Na1+           765
     18.07159615         22.66101837         8.272880554    
Na1+           766
     21.62988853         2.401996374         9.393415451    
Na1+           767
     2.139743805         20.30670357         3.278158665    
Na1+           768
     8.827187538         18.52457619         13.38084888    
Na1+           769
     10.84176540         12.70137501         22.14247322    
Na1+           770
     8.177515984         10.57951260         23.48949814    
Na1+           771
     12.85038280         9.107321739         12.86230278    
Na1+           772
     19.22789192         7.217909813         17.76762199    
Na1+           773
     16.35503197         1.800007224         17.97623062    
Na1+           774
     13.23780155         13.50005436        0.9834476709    
Na1+           775
     16.45635796         13.85767078         21.57624435    
Na1+           776
     9.011957169         2.634447813         11.93845844    
Na1+           777
     11.74772930         18.29212761         6.538436413    
Na1+           778
     9.119241714         15.35370445         22.55969238    
Na1+           779
     14.83515835         15.15701485         23.02459526    
Na1+           780
     16.84377670         10.47222710         3.909949303    
Na1+           781
    0.5662274361         14.00071907         19.33517647    
Na1+           782
     3.844386339         19.58551025         13.78018761    
Na1+           783
     21.02789879        0.8046389818         2.628487349    
Na1+           784
     17.10602951         14.01859856         10.87752724    
Na1+           785
     22.33916283         3.319880962         15.72324085    
Na1+           786
     9.774873734         5.453664303         1.025169611    
Na1+           787
     3.600014448         22.52989197         18.14907837    
Na1+           788
     8.058310509         17.29079628         17.70801926    
Na1+           789
     6.079494953         20.07425308         21.17094612    
Na1+           790
     9.488780022         22.86962700         11.80137253    
Na1+           791
     1.788086653         19.66895294        0.5960288644    
Na1+           792
     10.37090302         6.723205566         15.41926765    
Na1+           793
     2.080140829         17.20139313         9.387454987    
Na1+           794
     6.735126019         4.380812168         8.064270973    
Na1+           795
     21.09942245         20.75968742         3.480808735    
Na1+           796
     19.84180260         2.652328491         6.222541332    
Na1+           797
     15.78880501         11.22918415         7.378837585    
Na1+           798
     4.386772633         11.53315830         3.576173306    
Na1+           799
     11.31858826         8.117913246         8.058310509    
Na1+           800
     16.50403976         16.89741898         3.409285307    
Na1+           801
     6.848371983         12.48084450         8.350364685    
Na1+           802
     6.389429569         9.107321739         22.52393150    
Na1+           803
     5.978169441         18.25040436         16.54576111    
Na1+           804
     12.62389088         1.996696711         6.574198723    
Na1+           805
     11.30666733         1.656960368         13.24972153    
Na1+           806
     2.396036148         6.526515961         10.11460972    
Na1+           807
     22.20803452         6.395390034         20.87293053    
Si4+           808
     3.421205521         23.19744492         4.148361206    
Si4+           809
     17.88086700         15.13913441         7.474202156    
Si4+           810
     23.49545860         14.57886600         2.539083004    
Si4+           811
     13.78614902         16.17026329         3.695379019    
Si4+           812
     1.394707561        0.4291408062         2.032458544    
Si4+           813
     23.41201401         16.27754974         16.20006561    
Si4+           814
     10.85964680         14.92456341         3.725180387    
Si4+           815
     11.46163559         13.11859608         18.17292213    
Si4+           816
     10.23381615         17.88086700         15.65171909    
Si4+           817
     3.051667929         13.43449116         5.531147957    
Si4+           818
     14.53714466         2.902660608         23.06035805    
Si4+           819
     20.16961670         21.42723846        0.8642418981    
Si4+           820
     6.133137226         21.42723846         3.546371937    
Si4+           821
     11.25898552         20.45571136         22.83386612    
Si4+           822
     22.77426338         17.72589874         8.898711205    
Si4+           823
     15.12721252         13.83979034         8.362285614    
Si4+           824
     3.671538115         15.46694851         10.58547306    
Si4+           825
     2.330472946         15.74112225         4.857635498    
Si4+           826
     19.29941559         11.46759605         7.658971310    
Si4+           827
     19.47822380         21.62392807         10.85964680    
Si4+           828
     21.97558594        0.3695378900         13.55369663    
Si4+           829
     22.55373192         9.888118744         14.68019104    
Si4+           830
     1.311263561         11.18150139         21.21862793    
Si4+           831
     9.029837608         2.497361183         15.83648682    
Si4+           832
     14.32853413         11.84309387         22.54181099    
Si4+           833
     11.83713341         20.57491684         10.58547306    
Si4+           834
     1.960935116         11.36627102         17.20139313    
Si4+           835
     6.860292435        0.4768231213         17.94046974    
Si4+           836
     3.707299709         2.890739918         2.193386316    
Si4+           837
     7.802017689         16.62324524         12.59409046    
Si4+           838
     2.878819466        0.6139097810         5.972209454    
Si4+           839
     12.40932083        0.7450360656         5.215252876    
Si4+           840
     8.034469604         4.893397331         6.401350021    
Si4+           841
     16.59940338         11.62256336         17.17755318    
Si4+           842
     15.52059174         2.568884611         20.62855911    
Si4+           843
     11.89077663         9.309970856        0.7390757799    
Si4+           844
    0.5066245198         18.08947563         11.87289524    
Si4+           845
     1.323184133         7.456321239         16.48019791    
Si4+           846
     7.837779522         20.65240097         14.94244480    
Si4+           847
     9.172883987         21.75505447         3.337761641    
Si4+           848
     22.63717651         5.853003502         1.126494646    
Si4+           849
     4.494057655         4.196043491         15.34178352    
Si4+           850
     23.66830635         3.188754559         15.94973278    
Si4+           851
     20.99809837         8.779505730         2.098021746    
Si4+           852
     6.991418839         18.17888069         1.519873738    
Si4+           853
     18.10735703         11.02653503         11.47951603    
Si4+           854
     20.05637169         18.64974403         16.45635796    
Si4+           855
     13.21992111         13.69078350         16.42655563    
Si4+           856
     17.70205688         1.859610081         17.94643021    
Si4+           857
     9.631826401         20.77160645         18.41133308    
Si4+           858
     7.295393944         13.82787037         15.28814030    
Si4+           859
     13.85767078         17.59477234         19.28749466    
Si4+           860
     6.961617470         20.52723503         11.39607239    
Si4+           861
     17.55305099         8.606657028         9.834476471    
Si4+           862
     1.084772587         1.192057729         20.52127457    
Si4+           863
     9.774873734         4.690747261         10.20401478    
Si4+           864
     6.526515961         21.25439072         1.341064930    
Si4+           865
     2.551003695         20.50935364         23.09015846    
Si4+           866
     3.349682331         19.08484459         6.502675056    
Si4+           867
     21.29015160         1.609277964         2.211267233    
Si4+           868
     10.57951260         11.81329250         7.819898605    
Si4+           869
     6.091415405         2.765573978         23.53717995    
Si4+           870
     8.898711205         15.06165028         2.449678659    
Si4+           871
     9.947721481         6.002011299         15.72920227    
Si4+           872
     9.059638977         9.470898628         16.95106125    
Si4+           873
     10.47222710         6.323866844         7.080823421    
Si4+           874
     16.92126083         18.26828384         14.90072155    
Si4+           875
     21.30803299         14.71595287         19.33517647    
Si4+           876
     14.38217640         7.581487656         12.30203629    
Si4+           877
     19.52590752         9.953681946         19.65107155    
Si4+           878
     18.70934677         16.95702171         4.863595486    
Si4+           879
     22.68486023         9.733152390         9.572223663    
Si4+           880
     21.20670700         20.91465187         20.00272942    
Si4+           881
     21.94578362        0.4172202051         6.943736553    
Si4+           882
     15.97357368         10.60931396         10.63315487    
Si4+           883
     6.305985928         21.73121262         16.70072937    
Si4+           884
     8.231158257         14.19144726         8.201356888    
Si4+           885
     23.66830635         12.98150921         11.00865364    
Si4+           886
     12.54640770         9.208645821         13.25568295    
Si4+           887
     2.300671339         13.04111290         15.20469666    
Si4+           888
     18.57822037         14.64442921         11.15170002    
Si4+           889
     5.620552063         9.327852249         4.005314350    
Si4+           890
     9.911960602        0.7748375535         6.145057678    
Si4+           891
     1.472191334         11.16958141         1.954974651    
Si4+           892
     8.529173851         4.321209431         20.74180603    
Si4+           893
     17.35040092         2.342393398         7.539765835    
Si4+           894
     7.331154823         11.95037937         13.02919102    
Si4+           895
     10.13249111         9.196725845         13.20203972    
Si4+           896
     15.86032772        0.5960289016E-01     17.64245415    
Si4+           897
     20.91465187         2.765573978         15.29410172    
Si4+           898
    0.5543068647         6.699364662         19.37689972    
Si4+           899
     17.93450928         5.966248989         19.01332092    
Si4+           900
     2.068220139         18.11927795         19.58551025    
Si4+           901
     10.18017292         9.631826401         5.525187969    
Si4+           902
     6.031812668         18.54841995         5.036444187    
Si4+           903
     2.407956600         1.227819562         16.89741898    
Si4+           904
     2.777494669         6.156978130         18.97159958    
Si4+           905
     3.284118891         6.288105011         21.75505447    
Si4+           906
     10.82388496         21.68949127         13.36892700    
Si4+           907
     20.51531410         13.36296749         21.54048347    
Si4+           908
     13.04111290         20.18153763         2.360274315    
Si4+           909
     12.45104218         12.45104218         12.89210510    
Si4+           910
     19.14444733         10.06096745         2.074180603    
Si4+           911
     18.60206032         7.921224117         15.22257805    
Si4+           912
     11.02653503        0.8761624098         8.922552109    
Si4+           913
     19.48418427         23.57294273         9.548382759    
Si4+           914
     17.82722473         19.26365280         6.210620880    
Si4+           915
     4.351010799         9.143082619         15.43714809    
Si4+           916
     14.14972496         6.276184559         15.75900364    
Si4+           917
     5.066245556         16.51000023         2.950343132    
Si4+           918
     14.98416615         4.595382690         1.418548703    
Si4+           919
     16.41463661         10.74640083         22.26763916    
Si4+           920
     4.851675034         9.500700951         10.11460972    
Si4+           921
     17.70801926         19.59742928         23.74579048    
Si4+           922
     6.258303165         11.48547649         5.328498363    
Si4+           923
     21.30803299         20.33054543         5.692075729    
Si4+           924
     20.12193489         17.82126427         19.05504417    
Si4+           925
     6.449032307         19.05504417         23.16168213    
Si4+           926
     18.03583527         1.609277964         3.343722105    
Si4+           927
     1.293382645         10.49010849         4.321209431    
Si4+           928
     13.36296749         1.823848486         1.347025275    
Si4+           929
     22.80406570         2.658288717         9.917920113    
Si4+           930
     11.27686596         13.97091675         23.35241127    
Si4+           931
     3.325841188         8.880830765         7.271552086    
Si4+           932
     13.08879375         9.232486725         20.59279823    
Si4+           933
     11.90269661         17.77358055         6.210620880    
Si4+           934
     12.42124176         21.18882561         20.02061081    
Si4+           935
     6.824531078         4.768230915         17.12390900    
Si4+           936
     21.83253670         7.676852226         15.86032772    
Si4+           937
     21.20670700         14.51330376        0.1788086630E-01
Si4+           938
     17.20139313        0.2086101025         1.382786989    
Si4+           939
     15.34178352         22.84578705         2.139743805    
Si4+           940
     1.579476595         8.135793686         9.160964012    
Si4+           941
     8.231158257         7.617249489         18.27424622    
Si4+           942
     10.57355213         18.44709396        0.6198700070    
Si4+           943
     15.64575863         8.815267563         16.68880844    
Si4+           944
     15.18085575         6.514595509         20.28286171    
Si4+           945
     4.291408062         19.26961327         21.07558250    
Si4+           946
     6.037772179         6.711285114         16.21198463    
Si4+           947
     14.28085232        0.1192057785E-01     11.70600700    
Si4+           948
     17.49344826         22.88750839         23.22724533    
Si4+           949
     5.376180649         6.741086483         10.96693134    
Si4+           950
     15.69939995         9.196725845         1.507953167    
Si4+           951
     12.51660633         3.933790684         12.92190647    
Si4+           952
     19.35305786         3.486768961         9.762953758    
Si4+           953
     14.92456341         18.11927795         3.600014448    
Si4+           954
     14.60866833         12.99938965         20.47359276    
Si4+           955
     17.61861420         19.44842339         19.59742928    
Si4+           956
     3.576173306         9.321891785         18.79874992    
Si4+           957
     9.900039673         12.95766735         4.225844860    
Si4+           958
     3.683458567         14.54906559         20.55107689    
Si4+           959
     19.98484802         2.211267233         20.83120918    
Si4+           960
     14.43581963         8.398046494         22.53585243    
Si4+           961
     5.173530579         3.325841188         17.83914375    
Si4+           962
     2.324512720         13.54177570         12.55832863    
Si4+           963
    0.7807978988         16.10470009         8.481491089    
Si4+           964
     23.76963234         17.83914375         4.267566681    
Si4+           965
     19.94908714         3.623855591         12.39740086    
Si4+           966
     22.69677925         12.60601044         7.450360775    
Si4+           967
     13.20800018         18.39941216         22.13651276    
Si4+           968
     15.38350487         16.59940338         11.22322369    
Si4+           969
     10.87752724         13.46429253         11.49143696    
Si4+           970
     1.400667906         13.50601387        0.8344404101    
Si4+           971
     22.20207596         16.89145851         6.574198723    
Si4+           972
     13.05899334         18.04775429         12.03978252    
Si4+           973
     16.15238190         1.066891670         4.798032761    
Si4+           974
     20.11001396         7.527844429         17.67821693    
Si4+           975
     6.377509117         22.07094955         19.07292366    
Si4+           976
     9.691429138         15.96165371         20.53915405    
Si4+           977
     3.921870232         18.23252487         9.566263199    
